10
+ 2 2 4
+ 1 7
+ 8 1 2 3 5 6 7 8 10
+ 9 1 2 3 4 6 7 8 9 10
+ 5 1 3 4 6 10
+ 7 3 4 5 7 8 9 10
+ 7 2 4 5 6 7 9 10
+ 2 3 9
+ 1 4
+ 9 1 2 3 5 6 7 8 9 10
+ 4 1 5 7 8
+ 4 4 7 8 10
+ 5 2 3 6 9 10
+ 9 1 2 3 4 5 6 7 8 10
+ 6 1 4 6 8 9 10
+ 6 1 4 6 8 9 10
= 2 2 4
= 9 1 2 3 4 6 7 8 9 10
= 2 2 4
= 9 1 2 3 5 6 7 8 9 10
= 2 3 9
= 2 2 4
= 5 2 3 6 9 10
= 9 1 2 3 4 6 7 8 9 10
= 7 2 4 5 6 7 9 10
= 9 1 2 3 4 5 6 7 8 10
= 10 1 2 3 4 5 6 7 8 9 10
- 7 2 4 5 6 7 9 10
- 2 3 9
- 1 4
- 5 2 3 6 9 10
- 8 1 2 3 5 6 7 8 10
0
